version https://git-lfs.github.com/spec/v1
oid sha256:c57c6303e55573b86d40f2eef9d779e73f4d4d90b65a079a9b165fe539ce3d95
size 768870
