version https://git-lfs.github.com/spec/v1
oid sha256:1cf956f60f8481da38d3db92e863739473955fc742272bf814dafa8ba2c85575
size 488138
