version https://git-lfs.github.com/spec/v1
oid sha256:752e204953d74735d441e61ca7d5b98fca445118d4914deabfb264f339eb2ea0
size 472393
