version https://git-lfs.github.com/spec/v1
oid sha256:a3c89c6c40bc252804bd9ff6a19f17acddd503dcd66a7fefce414ac4a45e922b
size 437405
