version https://git-lfs.github.com/spec/v1
oid sha256:4f9400889386f2402e4dfb0d0bdff5c28c207b049dcd40ff20906c5ffe47dd32
size 491955
